a = [66.2 12.1 88.5 33.3]